             o  ,    o  ,                                    RICHMOND, CA                              Astronomical Applications Dept.
Location: W122 20, N37 56                          Rise and Set for the Sun for 2000                   U. S. Naval Observatory
                                                                                                       Washington, DC  20392-5420
                                                            Universal Time


       Jan.       Feb.       Mar.       Apr.       May        June       July       Aug.       Sept.      Oct.       Nov.       Dec.
Day Rise  Set  Rise  Set  Rise  Set  Rise  Set  Rise  Set  Rise  Set  Rise  Set  Rise  Set  Rise  Set  Rise  Set  Rise  Set  Rise  Set
     h m  h m   h m  h m   h m  h m   h m  h m   h m  h m   h m  h m   h m  h m   h m  h m   h m  h m   h m  h m   h m  h m   h m  h m
01  1525 0100  1514 0131  1440 0202  1354 0232  1313 0300  1248 0326  1251 0336  1313 0319  1340 0239  1405 0153  1435 0111  1507 0050
02  1525 0100  1513 0132  1439 0203  1352 0233  1312 0300  1248 0326  1251 0336  1314 0318  1340 0238  1406 0152  1437 0110  1508 0050
03  1525 0101  1512 0133  1437 0204  1351 0234  1310 0301  1248 0327  1252 0335  1315 0317  1341 0236  1407 0150  1438 0109  1509 0050
04  1526 0102  1511 0134  1436 0205  1349 0235  1309 0302  1248 0328  1252 0335  1315 0316  1342 0235  1408 0149  1439 0108  1510 0050
05  1526 0103  1510 0136  1435 0206  1348 0236  1308 0303  1247 0328  1253 0335  1316 0315  1343 0233  1409 0147  1440 0107  1510 0050
06  1526 0104  1509 0137  1433 0207  1346 0236  1307 0304  1247 0329  1254 0335  1317 0314  1344 0232  1410 0146  1441 0106  1511 0050
07  1526 0105  1508 0138  1432 0208  1345 0237  1306 0305  1247 0329  1254 0335  1318 0312  1345 0230  1411 0144  1442 0105  1512 0050
08  1525 0106  1507 0139  1430 0209  1343 0238  1305 0306  1247 0330  1255 0334  1319 0311  1346 0229  1412 0143  1443 0104  1513 0050
09  1525 0107  1506 0140  1429 0210  1342 0239  1304 0307  1247 0330  1255 0334  1320 0310  1346 0227  1413 0141  1444 0103  1514 0050
10  1525 0108  1505 0141  1427 0211  1340 0240  1303 0308  1246 0331  1256 0334  1321 0309  1347 0226  1414 0140  1445 0102  1515 0050
11  1525 0108  1504 0142  1426 0212  1339 0241  1302 0309  1246 0331  1257 0333  1322 0308  1348 0224  1414 0138  1446 0101  1515 0050
12  1525 0109  1503 0143  1424 0213  1338 0242  1301 0310  1246 0332  1257 0333  1322 0307  1349 0223  1415 0137  1447 0100  1516 0050
13  1525 0110  1502 0144  1423 0214  1336 0243  1300 0310  1246 0332  1258 0332  1323 0305  1350 0221  1416 0135  1448 0100  1517 0050
14  1524 0111  1501 0146  1421 0215  1335 0244  1300 0311  1246 0333  1259 0332  1324 0304  1351 0220  1417 0134  1449 0059  1518 0051
15  1524 0112  1500 0147  1420 0216  1333 0245  1259 0312  1246 0333  1259 0331  1325 0303  1351 0218  1418 0132  1450 0058  1518 0051
16  1524 0113  1459 0148  1418 0217  1332 0246  1258 0313  1247 0334  1300 0331  1326 0302  1352 0216  1419 0131  1451 0057  1519 0051
17  1523 0115  1457 0149  1417 0218  1331 0247  1257 0314  1247 0334  1301 0330  1327 0300  1353 0215  1420 0130  1453 0057  1520 0052
18  1523 0116  1456 0150  1415 0219  1329 0248  1256 0315  1247 0334  1302 0330  1328 0259  1354 0213  1421 0128  1454 0056  1520 0052
19  1523 0117  1455 0151  1414 0220  1328 0248  1256 0316  1247 0334  1302 0329  1328 0258  1355 0212  1422 0127  1455 0055  1521 0052
20  1522 0118  1454 0152  1412 0221  1326 0249  1255 0316  1247 0335  1303 0329  1329 0256  1356 0210  1423 0126  1456 0055  1521 0053
21  1522 0119  1452 0153  1411 0222  1325 0250  1254 0317  1247 0335  1304 0328  1330 0255  1357 0209  1424 0124  1457 0054  1522 0053
22  1521 0120  1451 0154  1409 0223  1324 0251  1254 0318  1248 0335  1305 0327  1331 0254  1357 0207  1425 0123  1458 0054  1522 0054
23  1520 0121  1450 0155  1408 0224  1323 0252  1253 0319  1248 0335  1305 0326  1332 0252  1358 0205  1426 0122  1459 0053  1523 0054
24  1520 0122  1448 0156  1406 0224  1321 0253  1252 0320  1248 0335  1306 0326  1333 0251  1359 0204  1427 0120  1500 0053  1523 0055
25  1519 0123  1447 0157  1404 0225  1320 0254  1252 0321  1248 0336  1307 0325  1334 0250  1400 0202  1428 0119  1501 0052  1523 0055
26  1519 0124  1446 0158  1403 0226  1319 0255  1251 0321  1249 0336  1308 0324  1334 0248  1401 0201  1429 0118  1502 0052  1524 0056
27  1518 0125  1444 0159  1401 0227  1317 0256  1251 0322  1249 0336  1309 0323  1335 0247  1402 0159  1430 0117  1503 0051  1524 0057
28  1517 0127  1443 0200  1400 0228  1316 0257  1250 0323  1250 0336  1309 0322  1336 0245  1403 0158  1431 0116  1504 0051  1524 0057
29  1516 0128  1442 0201  1358 0229  1315 0258  1250 0324  1250 0336  1310 0322  1337 0244  1404 0156  1432 0114  1505 0051  1525 0058
30  1516 0129             1357 0230  1314 0259  1249 0324  1250 0336  1311 0321  1338 0242  1404 0155  1433 0113  1506 0051  1525 0059
31  1515 0130             1355 0231             1249 0325             1312 0320  1339 0241             1434 0112             1525 0100

Add one hour for daylight time, if and when in use.