             o  ,    o  ,                                RICHMOND, CALIFORNIA                          Astronomical Applications Dept.
Location: W122 20, N37 56                          Rise and Set for the Sun for 2020                   U. S. Naval Observatory        
                                                                                                       Washington, DC  20392-5420     
                                                         Pacific Standard Time                                                        
                                                                                                                                      
                                                                                                                                      
       Jan.       Feb.       Mar.       Apr.       May        June       July       Aug.       Sept.      Oct.       Nov.       Dec.  
Day Rise  Set  Rise  Set  Rise  Set  Rise  Set  Rise  Set  Rise  Set  Rise  Set  Rise  Set  Rise  Set  Rise  Set  Rise  Set  Rise  Set
     h m  h m   h m  h m   h m  h m   h m  h m   h m  h m   h m  h m   h m  h m   h m  h m   h m  h m   h m  h m   h m  h m   h m  h m
01  0725 1701  0714 1732  0640 1804  0554 1833  0513 1901  0448 1927  0451 1936  0513 1918  0540 1838  0606 1751  0636 1710  0707 1650
02  0725 1701  0713 1733  0639 1805  0552 1834  0511 1902  0448 1927  0452 1936  0514 1917  0541 1836  0606 1750  0637 1709  0708 1650
03  0725 1702  0712 1735  0637 1806  0551 1835  0510 1903  0448 1928  0452 1935  0515 1916  0542 1835  0607 1748  0638 1708  0709 1650
04  0726 1703  0711 1736  0636 1807  0549 1836  0509 1903  0448 1928  0453 1935  0516 1915  0542 1833  0608 1747  0639 1707  0710 1650
05  0726 1704  0710 1737  0634 1808  0548 1837  0508 1904  0447 1929  0453 1935  0517 1913  0543 1832  0609 1745  0640 1706  0711 1650
06  0726 1705  0709 1738  0633 1809  0546 1838  0507 1905  0447 1930  0454 1935  0517 1912  0544 1830  0610 1744  0641 1705  0711 1650
07  0726 1706  0708 1739  0631 1809  0545 1839  0506 1906  0447 1930  0454 1934  0518 1911  0545 1829  0611 1742  0642 1704  0712 1650
08  0725 1707  0707 1740  0630 1810  0543 1839  0505 1907  0447 1931  0455 1934  0519 1910  0546 1827  0612 1741  0643 1703  0713 1650
09  0725 1708  0706 1741  0629 1811  0542 1840  0504 1908  0447 1931  0455 1934  0520 1909  0547 1826  0613 1739  0644 1702  0714 1650
10  0725 1709  0705 1742  0627 1812  0540 1841  0503 1909  0447 1932  0456 1933  0521 1908  0547 1824  0614 1738  0645 1701  0715 1650
11  0725 1710  0704 1743  0626 1813  0539 1842  0502 1910  0446 1932  0457 1933  0522 1907  0548 1822  0615 1737  0646 1700  0716 1650
12  0725 1711  0703 1745  0624 1814  0537 1843  0501 1911  0446 1933  0457 1932  0523 1905  0549 1821  0616 1735  0647 1659  0716 1650
13  0725 1712  0702 1746  0623 1815  0536 1844  0500 1912  0446 1933  0458 1932  0523 1904  0550 1819  0617 1734  0648 1659  0717 1651
14  0724 1713  0701 1747  0621 1816  0535 1845  0459 1912  0446 1933  0459 1931  0524 1903  0551 1818  0618 1732  0650 1658  0718 1651
15  0724 1714  0700 1748  0620 1817  0533 1846  0459 1913  0447 1934  0500 1931  0525 1902  0552 1816  0619 1731  0651 1657  0718 1651
16  0724 1715  0658 1749  0618 1818  0532 1847  0458 1914  0447 1934  0500 1930  0526 1900  0553 1815  0619 1729  0652 1657  0719 1652
17  0723 1716  0657 1750  0616 1819  0530 1848  0457 1915  0447 1934  0501 1930  0527 1859  0553 1813  0620 1728  0653 1656  0720 1652
18  0723 1717  0656 1751  0615 1820  0529 1849  0456 1916  0447 1935  0502 1929  0528 1858  0554 1812  0621 1727  0654 1655  0720 1652
19  0723 1718  0655 1752  0613 1821  0528 1850  0456 1917  0447 1935  0503 1929  0529 1856  0555 1810  0622 1725  0655 1655  0721 1653
20  0722 1719  0654 1753  0612 1822  0526 1851  0455 1918  0447 1935  0503 1928  0530 1855  0556 1808  0623 1724  0656 1654  0721 1653
21  0722 1720  0652 1754  0610 1823  0525 1851  0454 1918  0447 1935  0504 1927  0530 1854  0557 1807  0624 1723  0657 1654  0722 1654
22  0721 1721  0651 1755  0609 1824  0524 1852  0453 1919  0448 1935  0505 1926  0531 1852  0558 1805  0625 1722  0658 1653  0722 1654
23  0720 1722  0650 1756  0607 1825  0522 1853  0453 1920  0448 1936  0506 1926  0532 1851  0559 1804  0626 1720  0659 1653  0723 1655
24  0720 1723  0648 1757  0606 1826  0521 1854  0452 1921  0448 1936  0506 1925  0533 1849  0559 1802  0627 1719  0700 1652  0723 1656
25  0719 1724  0647 1758  0604 1827  0520 1855  0452 1922  0449 1936  0507 1924  0534 1848  0600 1801  0628 1718  0701 1652  0724 1656
26  0719 1726  0646 1759  0603 1827  0519 1856  0451 1922  0449 1936  0508 1923  0535 1847  0601 1759  0629 1717  0702 1651  0724 1657
27  0718 1727  0644 1801  0601 1828  0517 1857  0451 1923  0449 1936  0509 1922  0536 1845  0602 1758  0630 1715  0703 1651  0724 1657
28  0717 1728  0643 1802  0600 1829  0516 1858  0450 1924  0450 1936  0510 1921  0536 1844  0603 1756  0632 1714  0704 1651  0725 1658
29  0716 1729  0642 1803  0558 1830  0515 1859  0450 1924  0450 1936  0511 1921  0537 1842  0604 1754  0633 1713  0705 1651  0725 1659
30  0716 1730             0557 1831  0514 1900  0449 1925  0451 1936  0511 1920  0538 1841  0605 1753  0634 1712  0706 1650  0725 1700
31  0715 1731             0555 1832             0449 1926             0512 1919  0539 1839             0635 1711             0725 1700

                                             Add one hour for daylight time, if and when in use.